51 
0_36.jpg     -0.95044    0.20252   -0.23589 
10_46.jpg    -0.53933    0.33768    0.77142 
11_47.jpg    -0.39027    0.36330    0.84599 
12_48.jpg    -0.21970    0.37716    0.89971 
13_49.jpg    -0.03979    0.37746    0.92517 
14_50.jpg     0.15469    0.38889    0.90820 
15_51.jpg     0.33459    0.38058    0.86210 
16_52.jpg     0.50333    0.37293    0.77948 
17_53.jpg     0.64441    0.36016    0.67455 
18_54.jpg     0.76012    0.34662    0.54961 
19_55.jpg     0.84763    0.32710    0.41777 
1_37.jpg     -0.96574    0.21333   -0.14780 
20_56.jpg     0.90780    0.31053    0.28189 
21_57.jpg     0.94274    0.29790    0.14996 
22_58.jpg     0.95928    0.28142    0.02417 
23_59.jpg     0.95743    0.27000   -0.10214 
24_60.jpg     0.94586    0.25619   -0.19931 
25_61.jpg     0.92047    0.24625   -0.30346 
26_62.jpg     0.89754    0.23113   -0.37550 
27_80.jpg     0.83221   -0.48459   -0.26943 
28_81.jpg     0.84064   -0.51181   -0.17713 
29_82.jpg     0.83848   -0.53938   -0.07762 
2_38.jpg     -0.97288    0.22419   -0.05690 
30_83.jpg     0.82251   -0.56817    0.02592 
31_84.jpg     0.79027   -0.59745    0.13608 
32_85.jpg     0.73914   -0.62584    0.24899 
33_86.jpg     0.66544   -0.65799    0.35246 
34_87.jpg     0.57694   -0.68406    0.44633 
35_88.jpg     0.45625   -0.71258    0.53297 
36_89.jpg     0.33902   -0.73076    0.59251 
37_90.jpg     0.19600   -0.74680    0.63551 
38_91.jpg     0.04981   -0.74822    0.66158 
39_92.jpg    -0.09267   -0.74865    0.65646 
3_39.jpg     -0.97140    0.23406    0.03998 
40_93.jpg    -0.24312   -0.73666    0.63105 
41_94.jpg    -0.36125   -0.71993    0.59262 
42_95.jpg    -0.48189   -0.69560    0.53284 
43_96.jpg    -0.58625   -0.66699    0.45982 
44_97.jpg    -0.66075   -0.64128    0.39009 
45_98.jpg    -0.72807   -0.61228    0.30825 
46_99.jpg    -0.78545   -0.58144    0.21212 
47_100.jpg   -0.82110   -0.55768    0.12160 
48_101.jpg   -0.85049   -0.52497    0.03277 
49_102.jpg   -0.86472   -0.49994   -0.04816 
4_40.jpg     -0.95847    0.24800    0.14086 
50_103.jpg   -0.87046   -0.47317   -0.13572 
5_41.jpg     -0.93288    0.26072    0.24851 
6_42.jpg     -0.89282    0.27552    0.35631 
7_43.jpg     -0.83348    0.29499    0.46722 
8_44.jpg     -0.75969    0.30794    0.57275 
9_45.jpg     -0.66074    0.32339    0.67738 
